111111111111111111111111111111111111
100000000000000000000000000000000001
105550550050505550555055505550500501
105050505050505000500005005050550501
105550505055505550555005005050505501
105050505050505000005005005050500501
105050550050505550555055505550500501
100000000000000000000050000000000001
111111111111111111111111111111111111
100000000000000000000000000000000001
103000000000000000000000000000000001
100100111011101010111011101120111001
101200001000101010200010000010101001
100100121012101210111011200010112001
100100100000100010001010100010101001
101110111011100010111011100010111001
100000000000000000000000000000000001
111111111111111111111111111111111111